<?xml version="1.0" standalone="no"?>
<!DOCTYPE svg PUBLIC "-//W3C//DTD SVG 20010904//EN"
 "http://www.w3.org/TR/2001/REC-SVG-20010904/DTD/svg10.dtd">
<svg version="1.0" xmlns="http://www.w3.org/2000/svg"
 width="3000.000000pt" height="2808.000000pt" viewBox="0 0 3000.000000 2808.000000"
 preserveAspectRatio="xMidYMid meet">

<g transform="translate(0.000000,2808.000000) scale(0.100000,-0.100000)"
fill="#000000" stroke="none">
<path d="M218 27883 c1048 -1396 11425 -15279 11426 -15287 1 -9 -5314 -5756
-11603 -12548 l-44 -48 1314 0 1314 0 5100 5510 c4764 5146 5101 5508 5116
5492 9 -9 1864 -2489 4123 -5509 l4107 -5493 4465 0 4465 0 -16 22 c-8 13
-2759 3692 -6113 8176 -3353 4484 -6097 8156 -6097 8161 0 4 2430 2633 5400
5841 2970 3209 5408 5844 5418 5857 l18 23 -1313 -1 -1313 0 -4640 -5014
c-2552 -2758 -4665 -5041 -4695 -5075 l-56 -61 -3794 5075 -3795 5075 -4468 1
-4467 0 148 -197z m16853 -13825 c4974 -6650 9048 -12097 9052 -12105 7 -11
-329 -13 -2040 -12 l-2048 0 -9045 12095 c-4975 6653 -9046 12100 -9048 12105
-2 5 803 9 2041 9 l2045 0 9043 -12092z"/>
</g>
</svg>
